#Reedtype, Bassoon, Clarinet, Left Musette, Right Musette, Piccolo, Extra1, Extra2, ValveNoise.
#F-Jazz seems to be the only setting with different sounds for extra reeds.
Jazz
0 0 0
1 0 0
2 0 0
3 0 0
4 0 0
4 0 0
4 0 0
18 0 0
Bandoneon
0 0 1
1 0 1
2 0 1
3 0 1
4 0 1
4 0 1
4 0 1
18 0 1
I-Folk
0 0 2
1 0 2
2 0 2
3 0 2
4 0 2
4 0 2
4 0 2
18 0 16
I-folk2
0 0 3
1 0 3
2 0 3
3 0 3
4 0 3
4 0 3
4 0 3
18 0 3
D-Folk
0 0 4
1 0 4
2 0 4
3 0 4
4 0 4
4 0 4
4 0 4
18 0 4
OldItaly
0 0 5
1 0 5
2 0 5
3 0 5
4 0 5
4 0 5
4 0 5
18 0 5
Steierische
0 0 6
1 0 6
2 0 6
3 0 6
4 0 6
4 0 6
4 0 6
18 0 6
Cajun
0 0 7
1 0 7
2 0 7
3 0 7
4 0 7
4 0 7
4 0 7
18 0 7
TexMex
0 0 8
1 0 8
2 0 8
3 0 8
4 0 8
4 0 8
4 0 8
18 0 8
F-Folk
0 0 9
1 0 9
2 0 9
3 0 9
4 0 9
4 0 9
4 0 9
18 0 9
F-Folk2
0 0 10
1 0 10
2 0 10
3 0 10
4 0 10
4 0 10
4 0 10
18 0 10
SP-Folk
0 0 11
1 0 11
2 0 11
3 0 11
4 0 11
4 0 11
4 0 11
18 0 11 
Concerto
0 0 14
1 0 14
2 0 14
3 0 14
4 0 14
4 0 14
4 0 14
18 0 14
Organetto
0 0 15
1 0 15
2 0 15
3 0 15
4 0 15
4 0 15
4 0 15
18 0 15
Classic
0 0 16
1 0 16
2 0 16
3 0 16
4 0 16
4 0 16
4 0 16
18 0 16
F-Jazz
0 0 17
1 0 17
2 0 17
3 0 17
4 0 17
5 0 17
6 0 17
18 0 17
Bayan
0 0 18
1 0 18
2 0 18
3 0 18
4 0 18
4 0 18
4 0 18
18 0 14
I-Scala
0 0 19
1 0 19
2 0 19
3 0 19
4 0 19
4 0 19
4 0 19
18 0 14
1871-Dallape
80 1 1 
80 1 2 
80 1 3 
80 1 4 
80 1 5 
80 1 5
80 1 5
80 1 19 
Centenary-Dallape
80 1 33
80 1 34
80 1 35
80 1 36
80 1 37
80 1 37
80 1 37
80 1 115
Liturgi1-Dallape
80 2 1
80 1 66
80 1 67
80 1 68
80 1 69
80 1 69
80 1 69
80 1 83
Liturgi2-Dallape
80 1 65
80 1 66
80 1 67
80 1 68
80 1 69
80 1 69
80 1 69
80 1 115
Organtone-Dallape
80 2 65
80 2 66
80 2 67
80 2 68
80 2 69
80 2 69
80 2 69
80 1 115
SM1965-Dallape
80 2 33
80 2 34
80 2 35
80 2 36
80 2 37
80 2 37
80 2 37
80 2 51
SM2010-Dallape
80 2 97
80 2 98
80 2 99
80 2 100
80 2 101
80 2 101
80 2 101
80 2 115
